                                                            [0m
                     [38;2;0;203;111m▒[38;2;0;203;112m▒▒▒[38;2;0;204;112m▒[38;2;0;203;111m▒[38;2;0;204;112m▒▒[38;2;0;203;111m▒▒[38;2;0;204;112m▒▒[38;2;0;203;111m▒▒[38;2;0;204;112m▒[38;2;0;204;111m▒[38;2;0;205;112m▒[38;2;0;203;110m▒                     [0m
                [38;2;10;206;117m▒[38;2;1;205;112m▒[38;2;0;205;112m▒[38;2;0;214;117m▒[38;2;0;219;120m▒[38;2;0;218;120m▒[38;2;0;217;119m▒[38;2;0;213;117m▒[38;2;0;210;115m▒[38;2;0;208;114m▒[38;2;0;207;113m▒[38;2;0;206;113m▒[38;2;0;205;113m▒[38;2;0;205;112m▒▒[38;2;0;205;113m▒[38;2;0;206;113m▒[38;2;0;207;113m▒[38;2;0;208;114m▒[38;2;0;210;115m▒[38;2;0;213;117m▒[38;2;0;217;119m▒[38;2;0;218;120m▒[38;2;0;219;120m▒[38;2;0;214;118m▒[38;2;0;205;113m▒[38;2;0;204;112m▒[38;2;0;204;111m▒                [0m
            [38;2;0;203;100m▒[38;2;2;207;113m▒[38;2;82;221;159m▒[38;2;37;211;131m▒[38;2;3;214;117m▒[38;2;1;211;116m▒[38;2;0;205;113m▒[38;2;0;203;111m▒[38;2;0;204;111m▒▒[38;2;0;203;112m▒[38;2;0;203;111m▒[38;2;0;204;111m▒[38;2;0;203;112m▒▒▒[38;2;0;204;112m▒▒▒▒[38;2;0;203;112m▒▒▒[38;2;0;203;111m▒▒[38;2;0;203;112m▒[38;2;0;204;111m▒▒[38;2;0;203;111m▒[38;2;0;205;113m▒[38;2;0;211;116m▒[38;2;0;217;119m▒▒[38;2;0;205;113m▒[38;2;0;206;113m▒[38;2;0;209;113m▒            [0m
          [38;2;4;208;115m▒[38;2;0;203;103m▒[38;2;46;216;137m▒[38;2;185;240;215m▓[38;2;70;217;150m▒[38;2;0;202;106m▒[38;2;1;204;113m▒[38;2;0;203;111m▒[38;2;0;203;112m▒[38;2;0;204;112m▒▒▒▒▒▒▒▒▒▒▒▒▒▒▒▒▒▒▒▒▒▒[38;2;0;203;112m▒[38;2;0;203;111m▒[38;2;0;204;111m▒▒[38;2;0;204;112m▒[38;2;0;212;116m▒[38;2;0;218;120m▒[38;2;0;206;113m▒[38;2;0;206;112m▒          [0m
        [38;2;0;206;113m▒[38;2;3;217;120m▒[38;2;0;208;107m▒[38;2;98;222;165m▒[38;2;255;255;255m█[38;2;116;227;177m▒[38;2;0;200;99m▒[38;2;4;205;114m▒[38;2;0;204;112m▒▒▒▒▒▒▒▒▒▒▒▒▒▒▒▒▒▒▒▒▒▒▒▒▒▒▒▒▒▒[38;2;0;203;111m▒[38;2;0;204;111m▒[38;2;0;204;112m▒[38;2;0;214;117m▒[38;2;0;215;118m▒[38;2;0;207;113m▒        [0m
      [38;2;0;209;115m▒[38;2;0;216;119m▒[38;2;3;213;118m▒[38;2;0;201;104m▒[38;2;134;230;186m▓[38;2;255;255;255m█[38;2;224;249;238m▓[38;2;0;203;109m▒[38;2;3;206;113m▒[38;2;1;204;112m▒[38;2;0;204;112m▒▒▒▒▒▒▒▒▒▒▒▒▒▒▒▒▒▒▒▒▒▒▒▒▒▒▒▒▒▒▒▒▒▒[38;2;0;203;112m▒[38;2;0;211;116m▒[38;2;0;217;119m▒[38;2;0;208;114m▒      [0m
     [38;2;0;210;115m▒[38;2;0;214;118m▒[38;2;3;204;114m▒[38;2;0;201;103m▒[38;2;127;229;183m▓[38;2;255;255;255m█[38;2;253;255;254m▓[38;2;175;238;209m▓[38;2;2;200;103m▒[38;2;4;206;114m▒[38;2;0;204;112m▒▒▒▒▒▒▒▒▒▒▒▒▒▒▒▒▒▒▒[38;2;1;204;112m▒[38;2;2;204;113m▒[38;2;4;205;114m▒▒▒▒[38;2;4;206;114m▒[38;2;4;205;114m▒▒▒▒[38;2;3;204;113m▒[38;2;1;204;112m▒[38;2;0;204;112m▒▒▒▒[38;2;0;203;111m▒▒[38;2;0;214;117m▒[38;2;0;210;115m▒     [0m
   [38;2;0;206;113m▒[38;2;0;218;120m▒[38;2;0;205;112m▒[38;2;3;203;113m▒[38;2;0;203;105m▒[38;2;74;217;152m▒[38;2;255;255;255m█[38;2;249;254;252m▓[38;2;255;255;255m█[38;2;199;243;223m▓[38;2;0;200;104m▒[38;2;4;206;115m▒[38;2;0;204;112m▒▒▒▒▒▒▒▒▒▒▒▒▒▒▒▒[38;2;1;204;112m▒[38;2;3;204;114m▒[38;2;3;205;114m▒[38;2;0;205;112m▒[38;2;0;204;109m▒[38;2;0;201;103m▒▒▒[38;2;0;200;102m▒▒[38;2;0;201;102m▒[38;2;0;200;102m▒[38;2;0;201;103m▒▒[38;2;0;203;107m▒[38;2;0;205;112m▒[38;2;4;205;114m▒[38;2;2;204;113m▒[38;2;0;204;112m▒▒▒▒[38;2;0;203;111m▒[38;2;0;204;112m▒[38;2;0;219;120m▒[38;2;0;204;112m▒   [0m
  [38;2;0;203;110m▒[38;2;0;221;121m▒[38;2;0;205;112m▒[38;2;1;203;112m▒[38;2;1;206;112m▒[38;2;7;204;112m▒[38;2;223;248;238m▓[38;2;255;255;255m█[38;2;251;255;253m▓[38;2;254;255;254m▓[38;2;253;255;255m▓[38;2;60;215;146m▒[38;2;0;201;100m▒[38;2;5;206;115m▒[38;2;3;204;114m▒[38;2;1;204;112m▒[38;2;0;204;112m▒▒▒▒▒▒▒▒▒[38;2;1;204;112m▒[38;2;2;204;113m▒[38;2;4;205;114m▒[38;2;3;205;114m▒[38;2;0;205;111m▒[38;2;0;202;104m▒[38;2;0;201;103m▒[38;2;7;204;115m▒[38;2;41;213;134m▒[38;2;86;221;160m▒[38;2;117;226;177m▒[38;2;153;235;197m▓[38;2;172;238;209m▓[38;2;178;238;211m▓[38;2;178;240;211m▓[38;2;170;237;207m▓[38;2;140;231;190m▓[38;2;100;223;168m▒[38;2;55;215;143m▒[38;2;6;205;115m▒[38;2;0;201;102m▒[38;2;0;205;110m▒[38;2;3;205;114m▒[38;2;0;204;112m▒▒▒▒[38;2;0;203;111m▒[38;2;0;204;112m▒[38;2;0;221;121m▒[38;2;0;204;111m▒  [0m
  [38;2;0;220;121m▒[38;2;0;204;112m▒▒[38;2;3;205;114m▒[38;2;0;202;104m▒[38;2;83;221;160m▒[38;2;255;255;255m█[38;2;252;254;253m▓[38;2;255;255;255m█[38;2;253;255;254m▓[38;2;255;255;255m█[38;2;238;250;244m▓[38;2;70;216;148m▒[38;2;0;201;103m▒[38;2;0;203;105m▒[38;2;0;205;111m▒[38;2;2;206;114m▒[38;2;4;205;114m▒▒▒▒▒▒▒[38;2;2;206;114m▒[38;2;0;205;111m▒[38;2;0;204;108m▒[38;2;0;201;103m▒[38;2;0;202;103m▒[38;2;16;207;121m▒[38;2;87;222;161m▒[38;2;170;238;207m▓[38;2;228;249;240m▓[38;2;255;255;255m███████████[38;2;226;248;238m▓[38;2;144;233;193m▓[38;2;29;209;126m▒[38;2;0;202;104m▒[38;2;2;205;114m▒[38;2;0;204;112m▒▒▒▒▒▒[38;2;0;221;121m▒  [0m
 [38;2;0;204;112m▒[38;2;0;209;114m▒[38;2;0;203;111m▒[38;2;0;204;112m▒[38;2;4;205;114m▒[38;2;0;200;102m▒[38;2;161;236;202m▓[38;2;254;255;255m▓[38;2;251;254;253m▓[38;2;255;255;255m██[38;2;254;255;254m▓[38;2;255;255;255m██[38;2;177;238;210m▓[38;2;74;219;153m▒[38;2;15;208;120m▒[38;2;0;203;107m▒[38;2;0;200;102m▒[38;2;0;201;103m▒▒[38;2;0;198;100m▒[38;2;0;197;99m░[38;2;0;198;100m▒[38;2;0;197;99m░[38;2;0;201;106m▒[38;2;11;205;117m▒[38;2;43;213;136m▒[38;2;100;225;168m▒[38;2;173;239;209m▓[38;2;239;251;246m▓[38;2;255;255;255m████[38;2;248;251;250m▓▓[38;2;250;253;252m▓[38;2;251;254;253m▓▓▓▓▓▓[38;2;255;255;255m███[38;2;242;252;248m▓[38;2;83;219;157m▒[38;2;0;201;104m▒[38;2;2;205;114m▒[38;2;0;204;112m▒▒▒▒[38;2;0;203;111m▒[38;2;0;208;114m▒[38;2;0;206;113m▒ [0m
[38;2;0;203;111m▒[38;2;0;215;118m▒[38;2;0;203;111m▒[38;2;0;204;112m▒▒[38;2;3;206;114m▒[38;2;0;200;103m▒[38;2;182;240;213m▓[38;2;255;255;255m█[38;2;251;254;253m▓[38;2;255;255;255m███[38;2;254;255;254m▓[38;2;255;255;255m███[38;2;240;251;246m▓[38;2;199;244;224m▓[38;2;170;237;206m▓[38;2;141;233;192m▓[38;2;124;228;180m▓[38;2;132;240;191m▓[38;2;144;247;201m▓[38;2;164;249;210m▓[38;2;191;255;226m▓[38;2;204;249;229m▓[38;2;234;250;242m▓[38;2;255;255;255m████[38;2;252;255;254m▓[38;2;251;254;253m▓[38;2;251;252;251m▓[38;2;255;255;255m███████████[38;2;253;254;254m▓[38;2;250;254;252m▓[38;2;255;255;255m██[38;2;52;213;140m▒[38;2;0;204;107m▒[38;2;2;204;113m▒[38;2;0;204;112m▒▒▒▒[38;2;0;203;112m▒[38;2;0;215;118m▒[38;2;0;204;113m▒[0m
[38;2;0;204;111m▒[38;2;0;210;115m▒[38;2;0;204;111m▒[38;2;0;204;112m▒▒[38;2;4;205;114m▒[38;2;0;200;102m▒[38;2;161;236;201m▓[38;2;254;255;254m▓[38;2;251;254;253m▓[38;2;255;255;255m█████[38;2;252;254;253m▓[38;2;253;255;254m▓[38;2;255;255;255m█████[38;2;210;197;203m▓[38;2;155;142;148m▒[38;2;150;137;143m▒[38;2;170;158;164m▒[38;2;246;237;241m▓[38;2;255;255;255m██[38;2;251;254;253m▓▓[38;2;254;254;254m▓▓[38;2;253;253;253m▓[38;2;255;255;255m█[38;2;239;239;239m▓[38;2;172;172;172m▒[38;2;175;175;175m▒[38;2;233;233;233m▓[38;2;255;255;255m█[38;2;254;254;254m▓[38;2;255;255;255m███████[38;2;249;253;252m▓[38;2;255;255;255m█[38;2;169;237;207m▓[38;2;0;200;103m▒[38;2;4;205;114m▒[38;2;0;204;112m▒▒▒▒[38;2;0;203;111m▒[38;2;0;209;115m▒[38;2;0;204;111m▒[0m
[38;2;0;204;112m▒[38;2;0;206;113m▒[38;2;0;204;112m▒▒▒[38;2;3;205;114m▒[38;2;0;202;105m▒[38;2;81;220;158m▒[38;2;255;255;255m█[38;2;251;254;253m▓[38;2;255;255;255m███████[38;2;254;255;254m▓[38;2;252;255;253m▓[38;2;249;252;250m▓[38;2;251;254;253m▓[38;2;180;183;182m▒[38;2;9;12;11m [38;2;10;13;11m [38;2;12;15;14m [38;2;1;4;3m [38;2;68;70;69m░[38;2;246;247;247m▓[38;2;253;253;253m▓[38;2;254;254;254m▓[38;2;255;255;255m████[38;2;178;178;178m▒[38;2;53;53;53m [38;2;10;10;10m [38;2;0;0;0m [38;2;137;137;137m▒[38;2;255;255;255m█[38;2;252;252;252m▓[38;2;255;255;255m███████[38;2;252;255;253m▓[38;2;253;254;254m▓[38;2;197;244;222m▓[38;2;0;201;105m▒[38;2;2;206;114m▒[38;2;0;204;112m▒▒▒▒▒[38;2;0;205;112m▒[38;2;0;203;111m▒[0m
[38;2;0;204;112m▒[38;2;0;206;113m▒[38;2;0;204;112m▒▒▒▒[38;2;2;205;113m▒[38;2;4;203;110m▒[38;2;210;246;230m▓[38;2;255;255;255m█[38;2;250;255;252m▓[38;2;255;255;255m████████[38;2;252;252;252m▓[38;2;255;255;255m█[38;2;118;118;118m░[38;2;13;13;13m [38;2;35;35;35m [38;2;32;32;32m [38;2;31;31;31m [38;2;27;27;27m [38;2;216;216;216m▓[38;2;255;255;255m█[38;2;253;253;253m▓[38;2;254;254;254m▓▓[38;2;239;239;239m▓[38;2;101;101;101m░[38;2;21;21;21m [38;2;20;20;20m [38;2;44;44;44m [38;2;161;161;161m▒[38;2;245;245;245m▓[38;2;254;254;254m▓[38;2;255;255;255m████████[38;2;250;254;252m▓[38;2;255;255;255m█[38;2;147;232;194m▓[38;2;0;200;102m▒[38;2;4;205;114m▒[38;2;0;204;112m▒▒▒▒▒[38;2;0;205;112m▒[38;2;0;203;111m▒[0m
[38;2;0;204;111m▒[38;2;0;210;115m▒[38;2;0;204;111m▒[38;2;0;204;112m▒▒▒[38;2;2;204;113m▒[38;2;0;204;108m▒[38;2;38;210;131m▒[38;2;241;251;247m▓[38;2;255;255;255m█[38;2;250;254;252m▓[38;2;255;255;255m███████[38;2;252;252;252m▓[38;2;255;255;255m█[38;2;114;114;114m░[38;2;16;16;16m [38;2;34;34;34m [38;2;31;31;31m  [38;2;29;29;29m [38;2;211;211;211m▓[38;2;255;255;255m█[38;2;253;253;253m▓[38;2;254;254;254m▓▓[38;2;233;233;233m▓[38;2;65;65;65m░[38;2;13;13;13m [38;2;26;26;26m [38;2;51;51;51m [38;2;203;203;203m▓[38;2;255;255;255m█[38;2;254;254;254m▓[38;2;255;255;255m███████[38;2;251;255;252m▓[38;2;255;255;255m█[38;2;242;252;248m▓[38;2;28;208;124m▒[38;2;1;204;110m▒[38;2;1;204;113m▒[38;2;0;204;112m▒▒▒▒[38;2;0;203;111m▒[38;2;0;209;115m▒[38;2;0;203;112m▒[0m
[38;2;0;205;112m▒[38;2;0;215;118m▒[38;2;0;203;111m▒[38;2;0;204;112m▒▒▒▒[38;2;2;205;114m▒[38;2;0;203;106m▒[38;2;48;212;135m▒[38;2;225;249;239m▓[38;2;255;255;255m█[38;2;254;255;255m▓[38;2;252;254;253m▓[38;2;255;255;255m█████[38;2;252;252;252m▓[38;2;255;255;255m█[38;2;159;159;159m▒[38;2;2;2;2m [38;2;18;18;18m [38;2;19;19;19m [38;2;8;8;8m [38;2;45;45;45m [38;2;241;241;241m▓[38;2;255;255;255m█[38;2;254;254;254m▓[38;2;255;255;255m█[38;2;254;254;254m▓[38;2;255;255;255m█[38;2;251;251;251m▓[38;2;137;137;137m▒[38;2;27;27;27m [38;2;7;7;7m [38;2;0;0;0m [38;2;149;149;149m▒[38;2;255;255;255m█[38;2;252;252;252m▓[38;2;255;255;255m███[38;2;254;255;255m▓[38;2;252;254;253m▓[38;2;252;255;254m▓[38;2;255;255;255m█[38;2;244;252;249m▓[38;2;60;215;143m▒[38;2;0;203;106m▒[38;2;2;205;114m▒[38;2;0;204;112m▒▒▒▒▒[38;2;0;203;112m▒[38;2;0;215;118m▒[38;2;0;205;112m▒[0m
 [38;2;0;204;112m▒[38;2;0;209;114m▒[38;2;0;203;111m▒[38;2;0;204;112m▒▒▒▒[38;2;2;205;114m▒[38;2;0;204;107m▒[38;2;18;207;119m▒[38;2;164;235;202m▓[38;2;255;255;255m███[38;2;251;254;253m▓[38;2;253;254;253m▓[38;2;254;255;255m▓[38;2;255;255;255m██[38;2;254;254;254m▓[38;2;247;247;247m▓[38;2;140;140;140m▒[38;2;83;83;83m░[38;2;81;81;81m░[38;2;95;95;95m░[38;2;196;196;196m▓[38;2;255;255;255m█[38;2;254;254;254m▓[38;2;255;255;255m███[38;2;254;254;254m▓[38;2;255;255;255m██[38;2;207;207;207m▓[38;2;124;124;124m░[38;2;122;122;122m░[38;2;207;207;207m▓[38;2;255;255;255m█[38;2;253;253;253m▓[38;2;254;255;254m▓[38;2;252;254;253m▓[38;2;251;254;253m▓[38;2;255;255;255m███[38;2;191;242;219m▓[38;2;37;210;130m▒[38;2;0;203;106m▒[38;2;3;205;114m▒[38;2;0;204;112m▒▒▒▒▒[38;2;0;203;111m▒[38;2;0;208;114m▒[38;2;0;205;112m▒ [0m
  [38;2;0;220;121m▒[38;2;0;204;112m▒▒▒▒▒▒[38;2;2;204;114m▒[38;2;0;205;111m▒[38;2;0;201;104m▒[38;2;60;215;144m▒[38;2;181;240;212m▓[38;2;255;255;255m████[38;2;251;254;253m▓▓[38;2;252;255;253m▓[38;2;255;255;255m██████[38;2;254;254;254m▓[38;2;255;255;255m█████[38;2;254;254;254m▓[38;2;252;252;252m▓[38;2;255;255;255m████[38;2;251;254;253m▓[38;2;252;255;254m▓[38;2;255;255;255m████[38;2;195;242;221m▓[38;2;81;219;156m▒[38;2;0;203;107m▒[38;2;0;204;109m▒[38;2;2;205;114m▒[38;2;0;204;112m▒▒▒▒▒▒▒[38;2;0;221;121m▒  [0m
  [38;2;0;202;111m▒[38;2;0;221;121m▒[38;2;0;205;112m▒[38;2;0;203;111m▒[38;2;0;204;112m▒▒▒▒[38;2;1;204;113m▒[38;2;3;205;114m▒[38;2;0;203;106m▒[38;2;0;201;105m▒[38;2;45;212;135m▒[38;2;134;230;185m▓[38;2;211;246;229m▓[38;2;255;255;255m█████[38;2;254;254;254m▓[38;2;251;254;253m▓[38;2;251;254;252m▓[38;2;249;252;250m▓[38;2;249;252;251m▓[38;2;251;254;253m▓▓▓▓▓▓▓[38;2;252;254;253m▓[38;2;253;254;254m▓[38;2;255;253;254m▓[38;2;255;255;255m████[38;2;248;253;251m▓[38;2;201;244;224m▓[38;2;124;228;180m▓[38;2;46;212;135m▒[38;2;0;202;106m▒[38;2;0;202;105m▒[38;2;1;205;114m▒[38;2;2;204;113m▒[38;2;0;204;112m▒▒▒▒▒[38;2;0;203;112m▒[38;2;0;204;112m▒[38;2;0;221;122m▒[38;2;0;203;111m▒  [0m
   [38;2;0;205;112m▒[38;2;0;219;120m▒[38;2;0;205;112m▒[38;2;0;203;111m▒[38;2;0;204;112m▒▒▒▒▒[38;2;2;204;113m▒[38;2;2;205;114m▒[38;2;0;204;108m▒[38;2;0;200;102m▒[38;2;0;203;110m▒[38;2;43;211;135m▒[38;2;101;225;169m▒[38;2;164;237;204m▓[38;2;206;245;228m▓[38;2;240;251;246m▓[38;2;255;255;255m██████████████[38;2;247;253;250m▓[38;2;225;248;238m▓[38;2;186;242;216m▓[38;2;137;231;188m▓[38;2;80;220;157m▒[38;2;25;210;127m▒[38;2;0;202;107m▒[38;2;0;200;102m▒[38;2;0;204;108m▒[38;2;1;205;114m▒[38;2;3;204;114m▒[38;2;0;204;112m▒▒▒▒▒▒[38;2;0;203;112m▒[38;2;0;204;112m▒[38;2;0;219;121m▒[38;2;0;205;113m▒   [0m
     [38;2;0;209;115m▒[38;2;0;214;118m▒[38;2;0;203;111m▒▒[38;2;0;204;112m▒▒▒▒▒[38;2;2;204;113m▒[38;2;4;205;114m▒[38;2;0;205;113m▒[38;2;0;204;108m▒[38;2;0;201;103m▒[38;2;0;200;103m▒[38;2;0;204;109m▒[38;2;16;207;121m▒[38;2;36;210;133m▒[38;2;73;217;153m▒[38;2;94;222;165m▒[38;2;110;226;174m▒[38;2;131;230;185m▓[38;2;140;231;190m▓[38;2;150;234;197m▓[38;2;149;233;195m▓[38;2;144;232;193m▓[38;2;133;231;186m▓[38;2;116;226;177m▒[38;2;100;223;167m▒[38;2;82;220;158m▒[38;2;52;214;141m▒[38;2;22;208;124m▒[38;2;6;205;115m▒[38;2;0;200;104m▒[38;2;0;201;103m▒[38;2;0;202;104m▒[38;2;0;205;110m▒[38;2;1;205;113m▒[38;2;4;205;114m▒[38;2;2;204;113m▒[38;2;0;204;112m▒▒▒▒▒▒[38;2;0;203;111m▒▒[38;2;0;213;117m▒[38;2;0;210;115m▒     [0m
      [38;2;0;209;114m▒[38;2;0;216;119m▒[38;2;0;211;116m▒[38;2;0;203;111m▒[38;2;0;204;112m▒▒▒▒▒▒[38;2;1;204;112m▒[38;2;2;204;113m▒[38;2;4;205;114m▒▒[38;2;1;206;113m▒[38;2;0;204;110m▒[38;2;0;205;109m▒[38;2;0;202;105m▒[38;2;0;201;103m▒▒▒▒▒▒▒▒▒▒▒[38;2;0;204;108m▒[38;2;0;205;110m▒[38;2;0;205;112m▒[38;2;3;206;114m▒[38;2;4;205;114m▒[38;2;3;205;114m▒[38;2;1;204;113m▒[38;2;0;204;112m▒▒▒▒▒▒▒▒[38;2;0;203;111m▒[38;2;0;210;116m▒[38;2;0;217;119m▒[38;2;0;209;115m▒      [0m
        [38;2;0;207;112m▒[38;2;0;216;118m▒[38;2;0;214;117m▒[38;2;0;204;112m▒[38;2;0;204;111m▒[38;2;0;203;111m▒[38;2;0;204;112m▒▒▒▒▒▒▒[38;2;1;204;112m▒[38;2;2;204;113m▒[38;2;3;204;114m▒[38;2;4;205;114m▒▒▒▒▒▒▒▒▒▒▒[38;2;2;204;113m▒[38;2;1;204;113m▒[38;2;1;204;112m▒[38;2;0;204;112m▒▒▒▒▒▒▒▒[38;2;0;203;111m▒[38;2;0;204;111m▒[38;2;0;203;112m▒[38;2;0;213;117m▒[38;2;0;216;119m▒[38;2;0;207;114m▒        [0m
          [38;2;0;205;112m▒[38;2;0;205;113m▒[38;2;0;218;120m▒[38;2;0;212;116m▒[38;2;0;204;112m▒[38;2;0;204;111m▒▒[38;2;0;203;111m▒[38;2;0;203;112m▒[38;2;0;204;112m▒▒▒▒▒▒▒▒▒▒▒▒▒▒▒▒▒▒▒▒▒▒[38;2;0;203;112m▒[38;2;0;204;111m▒[38;2;0;203;112m▒[38;2;0;204;111m▒[38;2;0;204;112m▒[38;2;0;211;116m▒[38;2;0;217;120m▒[38;2;0;207;114m▒[38;2;0;205;113m▒          [0m
            [38;2;0;209;113m▒[38;2;0;206;113m▒[38;2;0;205;113m▒[38;2;0;217;119m▒▒[38;2;0;211;116m▒[38;2;0;205;113m▒[38;2;0;204;112m▒[38;2;0;204;111m▒▒[38;2;0;203;112m▒[38;2;0;203;111m▒▒[38;2;0;203;112m▒▒[38;2;0;204;112m▒▒▒▒▒▒[38;2;0;203;112m▒▒[38;2;0;203;111m▒▒[38;2;0;203;112m▒[38;2;0;204;111m▒▒[38;2;0;204;112m▒[38;2;0;205;113m▒[38;2;0;210;115m▒[38;2;0;216;119m▒[38;2;0;217;119m▒[38;2;0;205;113m▒[38;2;0;207;113m▒[38;2;0;207;114m▒            [0m
                [38;2;0;203;111m▒[38;2;0;204;112m▒[38;2;0;206;113m▒[38;2;0;215;118m▒[38;2;0;219;120m▒[38;2;0;218;120m▒[38;2;0;216;119m▒[38;2;0;212;117m▒[38;2;0;209;115m▒[38;2;0;208;114m▒[38;2;0;206;113m▒[38;2;0;205;113m▒▒[38;2;0;205;112m▒▒[38;2;0;205;113m▒▒[38;2;0;206;113m▒[38;2;0;208;114m▒[38;2;0;209;115m▒[38;2;0;212;117m▒[38;2;0;216;119m▒[38;2;0;218;120m▒[38;2;0;219;120m▒[38;2;0;215;118m▒[38;2;0;205;112m▒[38;2;0;204;112m▒▒                [0m
                     [38;2;0;202;111m▒[38;2;0;204;112m▒[38;2;0;203;112m▒[38;2;0;204;112m▒[38;2;0;204;111m▒[38;2;0;204;112m▒[38;2;0;204;111m▒[38;2;0;203;111m▒[38;2;0;203;112m▒▒▒[38;2;0;204;111m▒[38;2;0;204;112m▒[38;2;0;204;111m▒[38;2;0;204;112m▒▒▒▒                     [0m
                                                            [0m
